Coursework One Results by ple15

The dependency matrix for the HepatitisC dataset
Coursework One Results by ple15

The dependency matrix for the HepatitisC dataset
Coursework One Results by ple15

The dependency matrix for the HepatitisC dataset
Coursework One Results by ple15

The dependency matrix for the HepatitisC dataset
Coursework One Results by ple15

The dependency matrix for the HepatitisC dataset
Coursework One Results by ple15

The dependency matrix for the HepatitisC dataset
Coursework One Results by ple15

The dependency matrix for the HepatitisC dataset
Coursework One Results by ple15

The dependency matrix for the HepatitisC dataset
Coursework One Results by ple15

The dependency matrix for the HepatitisC dataset
Coursework One Results by ple15

The dependency matrix for the HepatitisC dataset
Coursework One Results by ple15

The dependency matrix for the HepatitisC dataset
Coursework One Results by ple15

The dependency matrix for the HepatitisC dataset
Coursework One Results by ple15

The dependency matrix for the HepatitisC dataset
Coursework One Results by ple15

The dependency matrix for the HepatitisC dataset
Coursework One Results by ple15

The dependency matrix for the HepatitisC dataset
Coursework One Results by ple15

The dependency matrix for the HepatitisC dataset
Coursework One Results by ple15

The dependency matrix for the HepatitisC dataset
 1.530  0.045  0.026  0.048  0.034  0.024  0.039  0.086  0.016 
 0.045  2.372  0.009  0.060  0.069  0.030  0.071  0.083  0.003 
 0.026  0.009  0.992  0.012  0.007  0.002  0.007  0.005  0.001 
 0.048  0.060  0.012  1.697  0.539  0.275  0.032  0.032  0.006 
 0.034  0.069  0.007  0.539  2.411  0.606  0.041  0.051  0.008 
 0.024  0.030  0.002  0.275  0.606  1.832  0.025  0.041  0.016 
 0.039  0.071  0.007  0.032  0.041  0.025  2.629  0.063  0.004 
 0.086  0.083  0.005  0.032  0.051  0.041  0.063  1.489  0.032 
 0.016  0.003  0.001  0.006  0.008  0.016  0.004  0.032  0.754 



The dependency list for the HepatitisC dataset
Coursework One Results by ple15

The dependency matrix for the HepatitisC dataset
 1.530  0.045  0.026  0.048  0.034  0.024  0.039  0.086  0.016 
 0.045  2.372  0.009  0.060  0.069  0.030  0.071  0.083  0.003 
 0.026  0.009  0.992  0.012  0.007  0.002  0.007  0.005  0.001 
 0.048  0.060  0.012  1.697  0.539  0.275  0.032  0.032  0.006 
 0.034  0.069  0.007  0.539  2.411  0.606  0.041  0.051  0.008 
 0.024  0.030  0.002  0.275  0.606  1.832  0.025  0.041  0.016 
 0.039  0.071  0.007  0.032  0.041  0.025  2.629  0.063  0.004 
 0.086  0.083  0.005  0.032  0.051  0.041  0.063  1.489  0.032 
 0.016  0.003  0.001  0.006  0.008  0.016  0.004  0.032  0.754 



The dependency list for the HepatitisC dataset
Coursework One Results by ple15

The dependency matrix for the HepatitisC dataset
 1.530  0.045  0.026  0.048  0.034  0.024  0.039  0.086  0.016 
 0.045  2.372  0.009  0.060  0.069  0.030  0.071  0.083  0.003 
 0.026  0.009  0.992  0.012  0.007  0.002  0.007  0.005  0.001 
 0.048  0.060  0.012  1.697  0.539  0.275  0.032  0.032  0.006 
 0.034  0.069  0.007  0.539  2.411  0.606  0.041  0.051  0.008 
 0.024  0.030  0.002  0.275  0.606  1.832  0.025  0.041  0.016 
 0.039  0.071  0.007  0.032  0.041  0.025  2.629  0.063  0.004 
 0.086  0.083  0.005  0.032  0.051  0.041  0.063  1.489  0.032 
 0.016  0.003  0.001  0.006  0.008  0.016  0.004  0.032  0.754 



The dependency list for the HepatitisC dataset
Coursework One Results by ple15

The dependency matrix for the HepatitisC dataset
 1.530  0.045  0.026  0.048  0.034  0.024  0.039  0.086  0.016 
 0.045  2.372  0.009  0.060  0.069  0.030  0.071  0.083  0.003 
 0.026  0.009  0.992  0.012  0.007  0.002  0.007  0.005  0.001 
 0.048  0.060  0.012  1.697  0.539  0.275  0.032  0.032  0.006 
 0.034  0.069  0.007  0.539  2.411  0.606  0.041  0.051  0.008 
 0.024  0.030  0.002  0.275  0.606  1.832  0.025  0.041  0.016 
 0.039  0.071  0.007  0.032  0.041  0.025  2.629  0.063  0.004 
 0.086  0.083  0.005  0.032  0.051  0.041  0.063  1.489  0.032 
 0.016  0.003  0.001  0.006  0.008  0.016  0.004  0.032  0.754 



The dependency list for the HepatitisC dataset
Coursework One Results by ple15

The dependency matrix for the HepatitisC dataset
 1.530  0.045  0.026  0.048  0.034  0.024  0.039  0.086  0.016 
 0.045  2.372  0.009  0.060  0.069  0.030  0.071  0.083  0.003 
 0.026  0.009  0.992  0.012  0.007  0.002  0.007  0.005  0.001 
 0.048  0.060  0.012  1.697  0.539  0.275  0.032  0.032  0.006 
 0.034  0.069  0.007  0.539  2.411  0.606  0.041  0.051  0.008 
 0.024  0.030  0.002  0.275  0.606  1.832  0.025  0.041  0.016 
 0.039  0.071  0.007  0.032  0.041  0.025  2.629  0.063  0.004 
 0.086  0.083  0.005  0.032  0.051  0.041  0.063  1.489  0.032 
 0.016  0.003  0.001  0.006  0.008  0.016  0.004  0.032  0.754 



The dependency list for the HepatitisC dataset
Coursework One Results by ple15

The dependency matrix for the HepatitisC dataset
 1.530  0.045  0.026  0.048  0.034  0.024  0.039  0.086  0.016 
 0.045  2.372  0.009  0.060  0.069  0.030  0.071  0.083  0.003 
 0.026  0.009  0.992  0.012  0.007  0.002  0.007  0.005  0.001 
 0.048  0.060  0.012  1.697  0.539  0.275  0.032  0.032  0.006 
 0.034  0.069  0.007  0.539  2.411  0.606  0.041  0.051  0.008 
 0.024  0.030  0.002  0.275  0.606  1.832  0.025  0.041  0.016 
 0.039  0.071  0.007  0.032  0.041  0.025  2.629  0.063  0.004 
 0.086  0.083  0.005  0.032  0.051  0.041  0.063  1.489  0.032 
 0.016  0.003  0.001  0.006  0.008  0.016  0.004  0.032  0.754 



The dependency list for the HepatitisC dataset
Coursework One Results by ple15

The dependency matrix for the HepatitisC dataset
 1.530  0.045  0.026  0.048  0.034  0.024  0.039  0.086  0.016 
 0.045  2.372  0.009  0.060  0.069  0.030  0.071  0.083  0.003 
 0.026  0.009  0.992  0.012  0.007  0.002  0.007  0.005  0.001 
 0.048  0.060  0.012  1.697  0.539  0.275  0.032  0.032  0.006 
 0.034  0.069  0.007  0.539  2.411  0.606  0.041  0.051  0.008 
 0.024  0.030  0.002  0.275  0.606  1.832  0.025  0.041  0.016 
 0.039  0.071  0.007  0.032  0.041  0.025  2.629  0.063  0.004 
 0.086  0.083  0.005  0.032  0.051  0.041  0.063  1.489  0.032 
 0.016  0.003  0.001  0.006  0.008  0.016  0.004  0.032  0.754 



The dependency list for the HepatitisC dataset
Coursework One Results by ple15

The dependency matrix for the HepatitisC dataset
 1.530  0.045  0.026  0.048  0.034  0.024  0.039  0.086  0.016 
 0.045  2.372  0.009  0.060  0.069  0.030  0.071  0.083  0.003 
 0.026  0.009  0.992  0.012  0.007  0.002  0.007  0.005  0.001 
 0.048  0.060  0.012  1.697  0.539  0.275  0.032  0.032  0.006 
 0.034  0.069  0.007  0.539  2.411  0.606  0.041  0.051  0.008 
 0.024  0.030  0.002  0.275  0.606  1.832  0.025  0.041  0.016 
 0.039  0.071  0.007  0.032  0.041  0.025  2.629  0.063  0.004 
 0.086  0.083  0.005  0.032  0.051  0.041  0.063  1.489  0.032 
 0.016  0.003  0.001  0.006  0.008  0.016  0.004  0.032  0.754 



The dependency list for the HepatitisC dataset
Coursework One Results by ple15

The dependency matrix for the HepatitisC dataset
 1.530  0.045  0.026  0.048  0.034  0.024  0.039  0.086  0.016 
 0.045  2.372  0.009  0.060  0.069  0.030  0.071  0.083  0.003 
 0.026  0.009  0.992  0.012  0.007  0.002  0.007  0.005  0.001 
 0.048  0.060  0.012  1.697  0.539  0.275  0.032  0.032  0.006 
 0.034  0.069  0.007  0.539  2.411  0.606  0.041  0.051  0.008 
 0.024  0.030  0.002  0.275  0.606  1.832  0.025  0.041  0.016 
 0.039  0.071  0.007  0.032  0.041  0.025  2.629  0.063  0.004 
 0.086  0.083  0.005  0.032  0.051  0.041  0.063  1.489  0.032 
 0.016  0.003  0.001  0.006  0.008  0.016  0.004  0.032  0.754 



The dependency list for the HepatitisC dataset
Coursework One Results by ple15

The dependency matrix for the HepatitisC dataset
 1.530  0.045  0.026  0.048  0.034  0.024  0.039  0.086  0.016 
 0.045  2.372  0.009  0.060  0.069  0.030  0.071  0.083  0.003 
 0.026  0.009  0.992  0.012  0.007  0.002  0.007  0.005  0.001 
 0.048  0.060  0.012  1.697  0.539  0.275  0.032  0.032  0.006 
 0.034  0.069  0.007  0.539  2.411  0.606  0.041  0.051  0.008 
 0.024  0.030  0.002  0.275  0.606  1.832  0.025  0.041  0.016 
 0.039  0.071  0.007  0.032  0.041  0.025  2.629  0.063  0.004 
 0.086  0.083  0.005  0.032  0.051  0.041  0.063  1.489  0.032 
 0.016  0.003  0.001  0.006  0.008  0.016  0.004  0.032  0.754 



The dependency list for the HepatitisC dataset
Coursework One Results by ple15

The dependency matrix for the HepatitisC dataset
 1.530  0.045  0.026  0.048  0.034  0.024  0.039  0.086  0.016 
 0.045  2.372  0.009  0.060  0.069  0.030  0.071  0.083  0.003 
 0.026  0.009  0.992  0.012  0.007  0.002  0.007  0.005  0.001 
 0.048  0.060  0.012  1.697  0.539  0.275  0.032  0.032  0.006 
 0.034  0.069  0.007  0.539  2.411  0.606  0.041  0.051  0.008 
 0.024  0.030  0.002  0.275  0.606  1.832  0.025  0.041  0.016 
 0.039  0.071  0.007  0.032  0.041  0.025  2.629  0.063  0.004 
 0.086  0.083  0.005  0.032  0.051  0.041  0.063  1.489  0.032 
 0.016  0.003  0.001  0.006  0.008  0.016  0.004  0.032  0.754 



The dependency list for the HepatitisC dataset
Coursework One Results by ple15

The dependency matrix for the HepatitisC dataset
 1.530  0.045  0.026  0.048  0.034  0.024  0.039  0.086  0.016 
 0.045  2.372  0.009  0.060  0.069  0.030  0.071  0.083  0.003 
 0.026  0.009  0.992  0.012  0.007  0.002  0.007  0.005  0.001 
 0.048  0.060  0.012  1.697  0.539  0.275  0.032  0.032  0.006 
 0.034  0.069  0.007  0.539  2.411  0.606  0.041  0.051  0.008 
 0.024  0.030  0.002  0.275  0.606  1.832  0.025  0.041  0.016 
 0.039  0.071  0.007  0.032  0.041  0.025  2.629  0.063  0.004 
 0.086  0.083  0.005  0.032  0.051  0.041  0.063  1.489  0.032 
 0.016  0.003  0.001  0.006  0.008  0.016  0.004  0.032  0.754 



The dependency list for the HepatitisC dataset
26.000 74.000 23.000 47.000 17.000 73.000 62.000 78.000 25.000 65.000 35.000 75.000 24.000 56.000 22.000 38.000 44.000 76.000 11.000 19.000 21.000 29.000  8.000 72.000 53.000 77.000  5.000 45.000 51.000 59.000  2.000 18.000 14.000 46.000 33.000 57.000 71.000 79.000 34.000 66.000  4.000 36.000  6.000 54.000 42.000 58.000 52.000 68.000  1.000  9.000  3.000 27.000 43.000 67.000 12.000 28.000 61.000 69.000 13.000 37.000 15.000 55.000 16.000 64.000  7.000 63.000 32.000 48.000 31.000 39.000 41.000 49.000 80.000 20.000 70.000  0.000 30.000 50.000 10.000 40.000 60.000 


Coursework One Results by ple15

The dependency matrix for the HepatitisC dataset
 1.530  0.045  0.026  0.048  0.034  0.024  0.039  0.086  0.016 
 0.045  2.372  0.009  0.060  0.069  0.030  0.071  0.083  0.003 
 0.026  0.009  0.992  0.012  0.007  0.002  0.007  0.005  0.001 
 0.048  0.060  0.012  1.697  0.539  0.275  0.032  0.032  0.006 
 0.034  0.069  0.007  0.539  2.411  0.606  0.041  0.051  0.008 
 0.024  0.030  0.002  0.275  0.606  1.832  0.025  0.041  0.016 
 0.039  0.071  0.007  0.032  0.041  0.025  2.629  0.063  0.004 
 0.086  0.083  0.005  0.032  0.051  0.041  0.063  1.489  0.032 
 0.016  0.003  0.001  0.006  0.008  0.016  0.004  0.032  0.754 



The dependency list for the HepatitisC dataset
Coursework One Results by ple15

The dependency matrix for the HepatitisC dataset
 1.530  0.045  0.026  0.048  0.034  0.024  0.039  0.086  0.016 
 0.045  2.372  0.009  0.060  0.069  0.030  0.071  0.083  0.003 
 0.026  0.009  0.992  0.012  0.007  0.002  0.007  0.005  0.001 
 0.048  0.060  0.012  1.697  0.539  0.275  0.032  0.032  0.006 
 0.034  0.069  0.007  0.539  2.411  0.606  0.041  0.051  0.008 
 0.024  0.030  0.002  0.275  0.606  1.832  0.025  0.041  0.016 
 0.039  0.071  0.007  0.032  0.041  0.025  2.629  0.063  0.004 
 0.086  0.083  0.005  0.032  0.051  0.041  0.063  1.489  0.032 
 0.016  0.003  0.001  0.006  0.008  0.016  0.004  0.032  0.754 



The dependency list for the HepatitisC dataset
Coursework One Results by ple15

The dependency matrix for the HepatitisC dataset
 1.530  0.045  0.026  0.048  0.034  0.024  0.039  0.086  0.016 
 0.045  2.372  0.009  0.060  0.069  0.030  0.071  0.083  0.003 
 0.026  0.009  0.992  0.012  0.007  0.002  0.007  0.005  0.001 
 0.048  0.060  0.012  1.697  0.539  0.275  0.032  0.032  0.006 
 0.034  0.069  0.007  0.539  2.411  0.606  0.041  0.051  0.008 
 0.024  0.030  0.002  0.275  0.606  1.832  0.025  0.041  0.016 
 0.039  0.071  0.007  0.032  0.041  0.025  2.629  0.063  0.004 
 0.086  0.083  0.005  0.032  0.051  0.041  0.063  1.489  0.032 
 0.016  0.003  0.001  0.006  0.008  0.016  0.004  0.032  0.754 



The dependency list for the HepatitisC dataset
Coursework One Results by ple15

The dependency matrix for the HepatitisC dataset
 1.530  0.045  0.026  0.048  0.034  0.024  0.039  0.086  0.016 
 0.045  2.372  0.009  0.060  0.069  0.030  0.071  0.083  0.003 
 0.026  0.009  0.992  0.012  0.007  0.002  0.007  0.005  0.001 
 0.048  0.060  0.012  1.697  0.539  0.275  0.032  0.032  0.006 
 0.034  0.069  0.007  0.539  2.411  0.606  0.041  0.051  0.008 
 0.024  0.030  0.002  0.275  0.606  1.832  0.025  0.041  0.016 
 0.039  0.071  0.007  0.032  0.041  0.025  2.629  0.063  0.004 
 0.086  0.083  0.005  0.032  0.051  0.041  0.063  1.489  0.032 
 0.016  0.003  0.001  0.006  0.008  0.016  0.004  0.032  0.754 



The dependency list for the HepatitisC dataset
Coursework One Results by ple15

The dependency matrix for the HepatitisC dataset
 1.530  0.045  0.026  0.048  0.034  0.024  0.039  0.086  0.016 
 0.045  2.372  0.009  0.060  0.069  0.030  0.071  0.083  0.003 
 0.026  0.009  0.992  0.012  0.007  0.002  0.007  0.005  0.001 
 0.048  0.060  0.012  1.697  0.539  0.275  0.032  0.032  0.006 
 0.034  0.069  0.007  0.539  2.411  0.606  0.041  0.051  0.008 
 0.024  0.030  0.002  0.275  0.606  1.832  0.025  0.041  0.016 
 0.039  0.071  0.007  0.032  0.041  0.025  2.629  0.063  0.004 
 0.086  0.083  0.005  0.032  0.051  0.041  0.063  1.489  0.032 
 0.016  0.003  0.001  0.006  0.008  0.016  0.004  0.032  0.754 



The dependency list for the HepatitisC dataset
Coursework One Results by ple15

The dependency matrix for the HepatitisC dataset
 1.530  0.045  0.026  0.048  0.034  0.024  0.039  0.086  0.016 
 0.045  2.372  0.009  0.060  0.069  0.030  0.071  0.083  0.003 
 0.026  0.009  0.992  0.012  0.007  0.002  0.007  0.005  0.001 
 0.048  0.060  0.012  1.697  0.539  0.275  0.032  0.032  0.006 
 0.034  0.069  0.007  0.539  2.411  0.606  0.041  0.051  0.008 
 0.024  0.030  0.002  0.275  0.606  1.832  0.025  0.041  0.016 
 0.039  0.071  0.007  0.032  0.041  0.025  2.629  0.063  0.004 
 0.086  0.083  0.005  0.032  0.051  0.041  0.063  1.489  0.032 
 0.016  0.003  0.001  0.006  0.008  0.016  0.004  0.032  0.754 



The dependency list for the HepatitisC dataset
Coursework One Results by ple15

The dependency matrix for the HepatitisC dataset
 1.530  0.045  0.026  0.048  0.034  0.024  0.039  0.086  0.016 
 0.045  2.372  0.009  0.060  0.069  0.030  0.071  0.083  0.003 
 0.026  0.009  0.992  0.012  0.007  0.002  0.007  0.005  0.001 
 0.048  0.060  0.012  1.697  0.539  0.275  0.032  0.032  0.006 
 0.034  0.069  0.007  0.539  2.411  0.606  0.041  0.051  0.008 
 0.024  0.030  0.002  0.275  0.606  1.832  0.025  0.041  0.016 
 0.039  0.071  0.007  0.032  0.041  0.025  2.629  0.063  0.004 
 0.086  0.083  0.005  0.032  0.051  0.041  0.063  1.489  0.032 
 0.016  0.003  0.001  0.006  0.008  0.016  0.004  0.032  0.754 



The dependency list for the HepatitisC dataset
Coursework One Results by ple15

The dependency matrix for the HepatitisC dataset
 1.530  0.045  0.026  0.048  0.034  0.024  0.039  0.086  0.016 
 0.045  2.372  0.009  0.060  0.069  0.030  0.071  0.083  0.003 
 0.026  0.009  0.992  0.012  0.007  0.002  0.007  0.005  0.001 
 0.048  0.060  0.012  1.697  0.539  0.275  0.032  0.032  0.006 
 0.034  0.069  0.007  0.539  2.411  0.606  0.041  0.051  0.008 
 0.024  0.030  0.002  0.275  0.606  1.832  0.025  0.041  0.016 
 0.039  0.071  0.007  0.032  0.041  0.025  2.629  0.063  0.004 
 0.086  0.083  0.005  0.032  0.051  0.041  0.063  1.489  0.032 
 0.016  0.003  0.001  0.006  0.008  0.016  0.004  0.032  0.754 



The dependency list for the HepatitisC dataset
Coursework One Results by ple15

The dependency matrix for the HepatitisC dataset
 1.530  0.045  0.026  0.048  0.034  0.024  0.039  0.086  0.016 
 0.045  2.372  0.009  0.060  0.069  0.030  0.071  0.083  0.003 
 0.026  0.009  0.992  0.012  0.007  0.002  0.007  0.005  0.001 
 0.048  0.060  0.012  1.697  0.539  0.275  0.032  0.032  0.006 
 0.034  0.069  0.007  0.539  2.411  0.606  0.041  0.051  0.008 
 0.024  0.030  0.002  0.275  0.606  1.832  0.025  0.041  0.016 
 0.039  0.071  0.007  0.032  0.041  0.025  2.629  0.063  0.004 
 0.086  0.083  0.005  0.032  0.051  0.041  0.063  1.489  0.032 
 0.016  0.003  0.001  0.006  0.008  0.016  0.004  0.032  0.754 



The dependency list for the HepatitisC dataset
Coursework One Results by ple15

The dependency matrix for the HepatitisC dataset
 1.530  0.045  0.026  0.048  0.034  0.024  0.039  0.086  0.016 
 0.045  2.372  0.009  0.060  0.069  0.030  0.071  0.083  0.003 
 0.026  0.009  0.992  0.012  0.007  0.002  0.007  0.005  0.001 
 0.048  0.060  0.012  1.697  0.539  0.275  0.032  0.032  0.006 
 0.034  0.069  0.007  0.539  2.411  0.606  0.041  0.051  0.008 
 0.024  0.030  0.002  0.275  0.606  1.832  0.025  0.041  0.016 
 0.039  0.071  0.007  0.032  0.041  0.025  2.629  0.063  0.004 
 0.086  0.083  0.005  0.032  0.051  0.041  0.063  1.489  0.032 
 0.016  0.003  0.001  0.006  0.008  0.016  0.004  0.032  0.754 



The dependency list for the HepatitisC dataset
Coursework One Results by ple15

The dependency matrix for the HepatitisC dataset
 1.530  0.045  0.026  0.048  0.034  0.024  0.039  0.086  0.016 
 0.045  2.372  0.009  0.060  0.069  0.030  0.071  0.083  0.003 
 0.026  0.009  0.992  0.012  0.007  0.002  0.007  0.005  0.001 
 0.048  0.060  0.012  1.697  0.539  0.275  0.032  0.032  0.006 
 0.034  0.069  0.007  0.539  2.411  0.606  0.041  0.051  0.008 
 0.024  0.030  0.002  0.275  0.606  1.832  0.025  0.041  0.016 
 0.039  0.071  0.007  0.032  0.041  0.025  2.629  0.063  0.004 
 0.086  0.083  0.005  0.032  0.051  0.041  0.063  1.489  0.032 
 0.016  0.003  0.001  0.006  0.008  0.016  0.004  0.032  0.754 



The dependency list for the HepatitisC dataset
Coursework One Results by ple15

The dependency matrix for the HepatitisC dataset
 1.530  0.045  0.026  0.048  0.034  0.024  0.039  0.086  0.016 
 0.045  2.372  0.009  0.060  0.069  0.030  0.071  0.083  0.003 
 0.026  0.009  0.992  0.012  0.007  0.002  0.007  0.005  0.001 
 0.048  0.060  0.012  1.697  0.539  0.275  0.032  0.032  0.006 
 0.034  0.069  0.007  0.539  2.411  0.606  0.041  0.051  0.008 
 0.024  0.030  0.002  0.275  0.606  1.832  0.025  0.041  0.016 
 0.039  0.071  0.007  0.032  0.041  0.025  2.629  0.063  0.004 
 0.086  0.083  0.005  0.032  0.051  0.041  0.063  1.489  0.032 
 0.016  0.003  0.001  0.006  0.008  0.016  0.004  0.032  0.754 



The dependency list for the HepatitisC dataset
Coursework One Results by ple15

The dependency matrix for the HepatitisC dataset
 1.530  0.045  0.026  0.048  0.034  0.024  0.039  0.086  0.016 
 0.045  2.372  0.009  0.060  0.069  0.030  0.071  0.083  0.003 
 0.026  0.009  0.992  0.012  0.007  0.002  0.007  0.005  0.001 
 0.048  0.060  0.012  1.697  0.539  0.275  0.032  0.032  0.006 
 0.034  0.069  0.007  0.539  2.411  0.606  0.041  0.051  0.008 
 0.024  0.030  0.002  0.275  0.606  1.832  0.025  0.041  0.016 
 0.039  0.071  0.007  0.032  0.041  0.025  2.629  0.063  0.004 
 0.086  0.083  0.005  0.032  0.051  0.041  0.063  1.489  0.032 
 0.016  0.003  0.001  0.006  0.008  0.016  0.004  0.032  0.754 



The dependency list for the HepatitisC dataset
Coursework One Results by ple15

The dependency matrix for the HepatitisC dataset
 1.530  0.045  0.026  0.048  0.034  0.024  0.039  0.086  0.016 
 0.045  2.372  0.009  0.060  0.069  0.030  0.071  0.083  0.003 
 0.026  0.009  0.992  0.012  0.007  0.002  0.007  0.005  0.001 
 0.048  0.060  0.012  1.697  0.539  0.275  0.032  0.032  0.006 
 0.034  0.069  0.007  0.539  2.411  0.606  0.041  0.051  0.008 
 0.024  0.030  0.002  0.275  0.606  1.832  0.025  0.041  0.016 
 0.039  0.071  0.007  0.032  0.041  0.025  2.629  0.063  0.004 
 0.086  0.083  0.005  0.032  0.051  0.041  0.063  1.489  0.032 
 0.016  0.003  0.001  0.006  0.008  0.016  0.004  0.032  0.754 



The dependency list for the HepatitisC dataset
Coursework One Results by ple15

The dependency matrix for the HepatitisC dataset
 1.530  0.045  0.026  0.048  0.034  0.024  0.039  0.086  0.016 
 0.045  2.372  0.009  0.060  0.069  0.030  0.071  0.083  0.003 
 0.026  0.009  0.992  0.012  0.007  0.002  0.007  0.005  0.001 
 0.048  0.060  0.012  1.697  0.539  0.275  0.032  0.032  0.006 
 0.034  0.069  0.007  0.539  2.411  0.606  0.041  0.051  0.008 
 0.024  0.030  0.002  0.275  0.606  1.832  0.025  0.041  0.016 
 0.039  0.071  0.007  0.032  0.041  0.025  2.629  0.063  0.004 
 0.086  0.083  0.005  0.032  0.051  0.041  0.063  1.489  0.032 
 0.016  0.003  0.001  0.006  0.008  0.016  0.004  0.032  0.754 



The dependency list for the HepatitisC dataset
Coursework One Results by ple15

The dependency matrix for the HepatitisC dataset
 1.530  0.045  0.026  0.048  0.034  0.024  0.039  0.086  0.016 
 0.045  2.372  0.009  0.060  0.069  0.030  0.071  0.083  0.003 
 0.026  0.009  0.992  0.012  0.007  0.002  0.007  0.005  0.001 
 0.048  0.060  0.012  1.697  0.539  0.275  0.032  0.032  0.006 
 0.034  0.069  0.007  0.539  2.411  0.606  0.041  0.051  0.008 
 0.024  0.030  0.002  0.275  0.606  1.832  0.025  0.041  0.016 
 0.039  0.071  0.007  0.032  0.041  0.025  2.629  0.063  0.004 
 0.086  0.083  0.005  0.032  0.051  0.041  0.063  1.489  0.032 
 0.016  0.003  0.001  0.006  0.008  0.016  0.004  0.032  0.754 



The dependency list for the HepatitisC dataset
Coursework One Results by ple15

The dependency matrix for the HepatitisC dataset
 1.530  0.045  0.026  0.048  0.034  0.024  0.039  0.086  0.016 
 0.045  2.372  0.009  0.060  0.069  0.030  0.071  0.083  0.003 
 0.026  0.009  0.992  0.012  0.007  0.002  0.007  0.005  0.001 
 0.048  0.060  0.012  1.697  0.539  0.275  0.032  0.032  0.006 
 0.034  0.069  0.007  0.539  2.411  0.606  0.041  0.051  0.008 
 0.024  0.030  0.002  0.275  0.606  1.832  0.025  0.041  0.016 
 0.039  0.071  0.007  0.032  0.041  0.025  2.629  0.063  0.004 
 0.086  0.083  0.005  0.032  0.051  0.041  0.063  1.489  0.032 
 0.016  0.003  0.001  0.006  0.008  0.016  0.004  0.032  0.754 



The dependency list for the HepatitisC dataset
Coursework One Results by ple15

The dependency matrix for the HepatitisC dataset
 1.530  0.045  0.026  0.048  0.034  0.024  0.039  0.086  0.016 
 0.045  2.372  0.009  0.060  0.069  0.030  0.071  0.083  0.003 
 0.026  0.009  0.992  0.012  0.007  0.002  0.007  0.005  0.001 
 0.048  0.060  0.012  1.697  0.539  0.275  0.032  0.032  0.006 
 0.034  0.069  0.007  0.539  2.411  0.606  0.041  0.051  0.008 
 0.024  0.030  0.002  0.275  0.606  1.832  0.025  0.041  0.016 
 0.039  0.071  0.007  0.032  0.041  0.025  2.629  0.063  0.004 
 0.086  0.083  0.005  0.032  0.051  0.041  0.063  1.489  0.032 
 0.016  0.003  0.001  0.006  0.008  0.016  0.004  0.032  0.754 



The dependency list for the HepatitisC dataset
Coursework One Results by ple15

The dependency matrix for the HepatitisC dataset
 1.530  0.045  0.026  0.048  0.034  0.024  0.039  0.086  0.016 
 0.045  2.372  0.009  0.060  0.069  0.030  0.071  0.083  0.003 
 0.026  0.009  0.992  0.012  0.007  0.002  0.007  0.005  0.001 
 0.048  0.060  0.012  1.697  0.539  0.275  0.032  0.032  0.006 
 0.034  0.069  0.007  0.539  2.411  0.606  0.041  0.051  0.008 
 0.024  0.030  0.002  0.275  0.606  1.832  0.025  0.041  0.016 
 0.039  0.071  0.007  0.032  0.041  0.025  2.629  0.063  0.004 
 0.086  0.083  0.005  0.032  0.051  0.041  0.063  1.489  0.032 
 0.016  0.003  0.001  0.006  0.008  0.016  0.004  0.032  0.754 



The dependency list for the HepatitisC dataset
Coursework One Results by ple15

The dependency matrix for the HepatitisC dataset
 1.530  0.045  0.026  0.048  0.034  0.024  0.039  0.086  0.016 
 0.045  2.372  0.009  0.060  0.069  0.030  0.071  0.083  0.003 
 0.026  0.009  0.992  0.012  0.007  0.002  0.007  0.005  0.001 
 0.048  0.060  0.012  1.697  0.539  0.275  0.032  0.032  0.006 
 0.034  0.069  0.007  0.539  2.411  0.606  0.041  0.051  0.008 
 0.024  0.030  0.002  0.275  0.606  1.832  0.025  0.041  0.016 
 0.039  0.071  0.007  0.032  0.041  0.025  2.629  0.063  0.004 
 0.086  0.083  0.005  0.032  0.051  0.041  0.063  1.489  0.032 
 0.016  0.003  0.001  0.006  0.008  0.016  0.004  0.032  0.754 



The dependency list for the HepatitisC dataset
Coursework One Results by ple15

The dependency matrix for the HepatitisC dataset
 1.530  0.045  0.026  0.048  0.034  0.024  0.039  0.086  0.016 
 0.045  2.372  0.009  0.060  0.069  0.030  0.071  0.083  0.003 
 0.026  0.009  0.992  0.012  0.007  0.002  0.007  0.005  0.001 
 0.048  0.060  0.012  1.697  0.539  0.275  0.032  0.032  0.006 
 0.034  0.069  0.007  0.539  2.411  0.606  0.041  0.051  0.008 
 0.024  0.030  0.002  0.275  0.606  1.832  0.025  0.041  0.016 
 0.039  0.071  0.007  0.032  0.041  0.025  2.629  0.063  0.004 
 0.086  0.083  0.005  0.032  0.051  0.041  0.063  1.489  0.032 
 0.016  0.003  0.001  0.006  0.008  0.016  0.004  0.032  0.754 



The dependency list for the HepatitisC dataset
Coursework One Results by ple15

The dependency matrix for the HepatitisC dataset
 1.530  0.045  0.026  0.048  0.034  0.024  0.039  0.086  0.016 
 0.045  2.372  0.009  0.060  0.069  0.030  0.071  0.083  0.003 
 0.026  0.009  0.992  0.012  0.007  0.002  0.007  0.005  0.001 
 0.048  0.060  0.012  1.697  0.539  0.275  0.032  0.032  0.006 
 0.034  0.069  0.007  0.539  2.411  0.606  0.041  0.051  0.008 
 0.024  0.030  0.002  0.275  0.606  1.832  0.025  0.041  0.016 
 0.039  0.071  0.007  0.032  0.041  0.025  2.629  0.063  0.004 
 0.086  0.083  0.005  0.032  0.051  0.041  0.063  1.489  0.032 
 0.016  0.003  0.001  0.006  0.008  0.016  0.004  0.032  0.754 



The dependency list for the HepatitisC dataset
Coursework One Results by ple15

The dependency matrix for the HepatitisC dataset
 1.530  0.045  0.026  0.048  0.034  0.024  0.039  0.086  0.016 
 0.045  2.372  0.009  0.060  0.069  0.030  0.071  0.083  0.003 
 0.026  0.009  0.992  0.012  0.007  0.002  0.007  0.005  0.001 
 0.048  0.060  0.012  1.697  0.539  0.275  0.032  0.032  0.006 
 0.034  0.069  0.007  0.539  2.411  0.606  0.041  0.051  0.008 
 0.024  0.030  0.002  0.275  0.606  1.832  0.025  0.041  0.016 
 0.039  0.071  0.007  0.032  0.041  0.025  2.629  0.063  0.004 
 0.086  0.083  0.005  0.032  0.051  0.041  0.063  1.489  0.032 
 0.016  0.003  0.001  0.006  0.008  0.016  0.004  0.032  0.754 



The dependency list for the HepatitisC dataset
 1.530  0.000  0.000 
 0.045  0.000  1.000 
 0.026  0.000  2.000 
 0.048  0.000  3.000 
 0.034  0.000  4.000 
 0.024  0.000  5.000 
 0.039  0.000  6.000 
 0.086  0.000  7.000 
 0.016  0.000  8.000 
 0.045  1.000  0.000 
 2.372  1.000  1.000 
 0.009  1.000  2.000 
 0.060  1.000  3.000 
 0.069  1.000  4.000 
 0.030  1.000  5.000 
 0.071  1.000  6.000 
 0.083  1.000  7.000 
 0.003  1.000  8.000 
 0.026  2.000  0.000 
 0.009  2.000  1.000 
 0.992  2.000  2.000 
 0.012  2.000  3.000 
 0.007  2.000  4.000 
 0.002  2.000  5.000 
 0.007  2.000  6.000 
 0.005  2.000  7.000 
 0.001  2.000  8.000 
 0.048  3.000  0.000 
 0.060  3.000  1.000 
 0.012  3.000  2.000 
 1.697  3.000  3.000 
 0.539  3.000  4.000 
 0.275  3.000  5.000 
 0.032  3.000  6.000 
 0.032  3.000  7.000 
 0.006  3.000  8.000 
 0.034  4.000  0.000 
 0.069  4.000  1.000 
 0.007  4.000  2.000 
 0.539  4.000  3.000 
 2.411  4.000  4.000 
 0.606  4.000  5.000 
 0.041  4.000  6.000 
 0.051  4.000  7.000 
 0.008  4.000  8.000 
 0.024  5.000  0.000 
 0.030  5.000  1.000 
 0.002  5.000  2.000 
 0.275  5.000  3.000 
 0.606  5.000  4.000 
 1.832  5.000  5.000 
 0.025  5.000  6.000 
 0.041  5.000  7.000 
 0.016  5.000  8.000 
 0.039  6.000  0.000 
 0.071  6.000  1.000 
 0.007  6.000  2.000 
 0.032  6.000  3.000 
 0.041  6.000  4.000 
 0.025  6.000  5.000 
 2.629  6.000  6.000 
 0.063  6.000  7.000 
 0.004  6.000  8.000 
 0.086  7.000  0.000 
 0.083  7.000  1.000 
 0.005  7.000  2.000 
 0.032  7.000  3.000 
 0.051  7.000  4.000 
 0.041  7.000  5.000 
 0.063  7.000  6.000 
 1.489  7.000  7.000 
 0.032  7.000  8.000 
 0.016  8.000  0.000 
 0.003  8.000  1.000 
 0.001  8.000  2.000 
 0.006  8.000  3.000 
 0.008  8.000  4.000 
 0.016  8.000  5.000 
 0.004  8.000  6.000 
 0.032  8.000  7.000 
 0.754  8.000  8.000 



Coursework One Results by ple15

The dependency matrix for the HepatitisC dataset
 1.530  0.045  0.026  0.048  0.034  0.024  0.039  0.086  0.016 
 0.045  2.372  0.009  0.060  0.069  0.030  0.071  0.083  0.003 
 0.026  0.009  0.992  0.012  0.007  0.002  0.007  0.005  0.001 
 0.048  0.060  0.012  1.697  0.539  0.275  0.032  0.032  0.006 
 0.034  0.069  0.007  0.539  2.411  0.606  0.041  0.051  0.008 
 0.024  0.030  0.002  0.275  0.606  1.832  0.025  0.041  0.016 
 0.039  0.071  0.007  0.032  0.041  0.025  2.629  0.063  0.004 
 0.086  0.083  0.005  0.032  0.051  0.041  0.063  1.489  0.032 
 0.016  0.003  0.001  0.006  0.008  0.016  0.004  0.032  0.754 



The dependency list for the HepatitisC dataset
 0.000  0.000  0.000 
 0.000  0.000  0.000 
 0.000  0.000  0.000 
 0.000  0.000  0.000 
 0.000  0.000  0.000 
 0.000  0.000  0.000 
 0.000  0.000  0.000 
 0.000  0.000  0.000 
 0.000  0.000  0.000 
 0.000  0.000  0.000 
 0.000  0.000  0.000 
 0.000  0.000  0.000 
 0.000  0.000  0.000 
 0.000  0.000  0.000 
 0.000  0.000  0.000 
 0.000  0.000  0.000 
 0.000  0.000  0.000 
 0.000  0.000  0.000 
 0.000  0.000  0.000 
 0.000  0.000  0.000 
 0.000  0.000  0.000 
 0.000  0.000  0.000 
 0.000  0.000  0.000 
 0.000  0.000  0.000 
 0.000  0.000  0.000 
 0.000  0.000  0.000 
 0.000  0.000  0.000 
 0.000  0.000  0.000 
 0.000  0.000  0.000 
 0.000  0.000  0.000 
 0.000  0.000  0.000 
 0.000  0.000  0.000 
 0.000  0.000  0.000 
 0.000  0.000  0.000 
 0.000  0.000  0.000 
 0.000  0.000  0.000 
 0.000  0.000  0.000 
 0.000  0.000  0.000 
 0.000  0.000  0.000 
 0.000  0.000  0.000 
 0.000  0.000  0.000 
 0.000  0.000  0.000 
 0.000  0.000  0.000 
 0.000  0.000  0.000 
 0.000  0.000  0.000 
 0.000  0.000  0.000 
 0.000  0.000  0.000 
 0.000  0.000  0.000 
 0.000  0.000  0.000 
 0.000  0.000  0.000 
 0.000  0.000  0.000 
 0.000  0.000  0.000 
 0.000  0.000  0.000 
 0.000  0.000  0.000 
 0.000  0.000  0.000 
 0.000  0.000  0.000 
 0.000  0.000  0.000 
 0.000  0.000  0.000 
 0.000  0.000  0.000 
 0.000  0.000  0.000 
 0.000  0.000  0.000 
 0.000  0.000  0.000 
 0.000  0.000  0.000 
 0.000  0.000  0.000 
 0.000  0.000  0.000 
 0.000  0.000  0.000 
 0.000  0.000  0.000 
 0.000  0.000  0.000 
 0.000  0.000  0.000 
 0.000  0.000  0.000 
 0.000  0.000  0.000 
 0.000  0.000  0.000 
 0.000  0.000  0.000 
 0.000  0.000  0.000 
 0.000  0.000  0.000 
 0.000  0.000  0.000 
 0.000  0.000  0.000 
 0.000  0.000  0.000 
 0.000  0.000  0.000 
 0.000  0.000  0.000 
 0.000  0.000  0.000 



Coursework One Results by ple15

The dependency matrix for the HepatitisC dataset
 1.530  0.045  0.026  0.048  0.034  0.024  0.039  0.086  0.016 
 0.045  2.372  0.009  0.060  0.069  0.030  0.071  0.083  0.003 
 0.026  0.009  0.992  0.012  0.007  0.002  0.007  0.005  0.001 
 0.048  0.060  0.012  1.697  0.539  0.275  0.032  0.032  0.006 
 0.034  0.069  0.007  0.539  2.411  0.606  0.041  0.051  0.008 
 0.024  0.030  0.002  0.275  0.606  1.832  0.025  0.041  0.016 
 0.039  0.071  0.007  0.032  0.041  0.025  2.629  0.063  0.004 
 0.086  0.083  0.005  0.032  0.051  0.041  0.063  1.489  0.032 
 0.016  0.003  0.001  0.006  0.008  0.016  0.004  0.032  0.754 



The dependency list for the HepatitisC dataset
 1.530  0.000  0.000 
 0.045  0.000  1.000 
 0.026  0.000  2.000 
 0.048  0.000  3.000 
 0.034  0.000  4.000 
 0.024  0.000  5.000 
 0.039  0.000  6.000 
 0.086  0.000  7.000 
 0.016  0.000  8.000 
 0.045  1.000  0.000 
 2.372  1.000  1.000 
 0.009  1.000  2.000 
 0.060  1.000  3.000 
 0.069  1.000  4.000 
 0.030  1.000  5.000 
 0.071  1.000  6.000 
 0.083  1.000  7.000 
 0.003  1.000  8.000 
 0.026  2.000  0.000 
 0.009  2.000  1.000 
 0.992  2.000  2.000 
 0.012  2.000  3.000 
 0.007  2.000  4.000 
 0.002  2.000  5.000 
 0.007  2.000  6.000 
 0.005  2.000  7.000 
 0.001  2.000  8.000 
 0.048  3.000  0.000 
 0.060  3.000  1.000 
 0.012  3.000  2.000 
 1.697  3.000  3.000 
 0.539  3.000  4.000 
 0.275  3.000  5.000 
 0.032  3.000  6.000 
 0.032  3.000  7.000 
 0.006  3.000  8.000 
 0.034  4.000  0.000 
 0.069  4.000  1.000 
 0.007  4.000  2.000 
 0.539  4.000  3.000 
 2.411  4.000  4.000 
 0.606  4.000  5.000 
 0.041  4.000  6.000 
 0.051  4.000  7.000 
 0.008  4.000  8.000 
 0.024  5.000  0.000 
 0.030  5.000  1.000 
 0.002  5.000  2.000 
 0.275  5.000  3.000 
 0.606  5.000  4.000 
 1.832  5.000  5.000 
 0.025  5.000  6.000 
 0.041  5.000  7.000 
 0.016  5.000  8.000 
 0.039  6.000  0.000 
 0.071  6.000  1.000 
 0.007  6.000  2.000 
 0.032  6.000  3.000 
 0.041  6.000  4.000 
 0.025  6.000  5.000 
 2.629  6.000  6.000 
 0.063  6.000  7.000 
 0.004  6.000  8.000 
 0.086  7.000  0.000 
 0.083  7.000  1.000 
 0.005  7.000  2.000 
 0.032  7.000  3.000 
 0.051  7.000  4.000 
 0.041  7.000  5.000 
 0.063  7.000  6.000 
 1.489  7.000  7.000 
 0.032  7.000  8.000 
 0.016  8.000  0.000 
 0.003  8.000  1.000 
 0.001  8.000  2.000 
 0.006  8.000  3.000 
 0.008  8.000  4.000 
 0.016  8.000  5.000 
 0.004  8.000  6.000 
 0.032  8.000  7.000 
 0.754  8.000  8.000 



Coursework One Results by ple15

The dependency matrix for the HepatitisC dataset
 1.530  0.045  0.026  0.048  0.034  0.024  0.039  0.086  0.016 
 0.045  2.372  0.009  0.060  0.069  0.030  0.071  0.083  0.003 
 0.026  0.009  0.992  0.012  0.007  0.002  0.007  0.005  0.001 
 0.048  0.060  0.012  1.697  0.539  0.275  0.032  0.032  0.006 
 0.034  0.069  0.007  0.539  2.411  0.606  0.041  0.051  0.008 
 0.024  0.030  0.002  0.275  0.606  1.832  0.025  0.041  0.016 
 0.039  0.071  0.007  0.032  0.041  0.025  2.629  0.063  0.004 
 0.086  0.083  0.005  0.032  0.051  0.041  0.063  1.489  0.032 
 0.016  0.003  0.001  0.006  0.008  0.016  0.004  0.032  0.754 



The dependency list for the HepatitisC dataset
 1.530  0.000  0.000 
 0.045  0.000  1.000 
 0.026  0.000  2.000 
 0.048  0.000  3.000 
 0.034  0.000  4.000 
 0.024  0.000  5.000 
 0.039  0.000  6.000 
 0.086  0.000  7.000 
 0.016  0.000  8.000 
 0.045  1.000  0.000 
 2.372  1.000  1.000 
 0.009  1.000  2.000 
 0.060  1.000  3.000 
 0.069  1.000  4.000 
 0.030  1.000  5.000 
 0.071  1.000  6.000 
 0.083  1.000  7.000 
 0.003  1.000  8.000 
 0.026  2.000  0.000 
 0.009  2.000  1.000 
 0.992  2.000  2.000 
 0.012  2.000  3.000 
 0.007  2.000  4.000 
 0.002  2.000  5.000 
 0.007  2.000  6.000 
 0.005  2.000  7.000 
 0.001  2.000  8.000 
 0.048  3.000  0.000 
 0.060  3.000  1.000 
 0.012  3.000  2.000 
 1.697  3.000  3.000 
 0.539  3.000  4.000 
 0.275  3.000  5.000 
 0.032  3.000  6.000 
 0.032  3.000  7.000 
 0.006  3.000  8.000 
 0.034  4.000  0.000 
 0.069  4.000  1.000 
 0.007  4.000  2.000 
 0.539  4.000  3.000 
 2.411  4.000  4.000 
 0.606  4.000  5.000 
 0.041  4.000  6.000 
 0.051  4.000  7.000 
 0.008  4.000  8.000 
 0.024  5.000  0.000 
 0.030  5.000  1.000 
 0.002  5.000  2.000 
 0.275  5.000  3.000 
 0.606  5.000  4.000 
 1.832  5.000  5.000 
 0.025  5.000  6.000 
 0.041  5.000  7.000 
 0.016  5.000  8.000 
 0.039  6.000  0.000 
 0.071  6.000  1.000 
 0.007  6.000  2.000 
 0.032  6.000  3.000 
 0.041  6.000  4.000 
 0.025  6.000  5.000 
 2.629  6.000  6.000 
 0.063  6.000  7.000 
 0.004  6.000  8.000 
 0.086  7.000  0.000 
 0.083  7.000  1.000 
 0.005  7.000  2.000 
 0.032  7.000  3.000 
 0.051  7.000  4.000 
 0.041  7.000  5.000 
 0.063  7.000  6.000 
 1.489  7.000  7.000 
 0.032  7.000  8.000 
 0.016  8.000  0.000 
 0.003  8.000  1.000 
 0.001  8.000  2.000 
 0.006  8.000  3.000 
 0.008  8.000  4.000 
 0.016  8.000  5.000 
 0.004  8.000  6.000 
 0.032  8.000  7.000 
 0.754  8.000  8.000 



Coursework One Results by ple15

The dependency matrix for the HepatitisC dataset
 1.530  0.045  0.026  0.048  0.034  0.024  0.039  0.086  0.016 
 0.045  2.372  0.009  0.060  0.069  0.030  0.071  0.083  0.003 
 0.026  0.009  0.992  0.012  0.007  0.002  0.007  0.005  0.001 
 0.048  0.060  0.012  1.697  0.539  0.275  0.032  0.032  0.006 
 0.034  0.069  0.007  0.539  2.411  0.606  0.041  0.051  0.008 
 0.024  0.030  0.002  0.275  0.606  1.832  0.025  0.041  0.016 
 0.039  0.071  0.007  0.032  0.041  0.025  2.629  0.063  0.004 
 0.086  0.083  0.005  0.032  0.051  0.041  0.063  1.489  0.032 
 0.016  0.003  0.001  0.006  0.008  0.016  0.004  0.032  0.754 



The dependency list for the HepatitisC dataset
 0.001  2.000  8.000 
 0.001  8.000  2.000 
 0.002  2.000  5.000 
 0.002  5.000  2.000 
 0.003  1.000  8.000 
 0.003  8.000  1.000 
 0.004  6.000  8.000 
 0.004  8.000  6.000 
 0.005  2.000  7.000 
 0.005  7.000  2.000 
 0.006  3.000  8.000 
 0.006  8.000  3.000 
 0.007  2.000  6.000 
 0.007  6.000  2.000 
 0.007  2.000  4.000 
 0.007  4.000  2.000 
 0.008  4.000  8.000 
 0.008  8.000  4.000 
 0.009  1.000  2.000 
 0.009  2.000  1.000 
 0.012  2.000  3.000 
 0.012  3.000  2.000 
 0.016  0.000  8.000 
 0.016  8.000  0.000 
 0.016  5.000  8.000 
 0.016  8.000  5.000 
 0.024  0.000  5.000 
 0.024  5.000  0.000 
 0.025  5.000  6.000 
 0.025  6.000  5.000 
 0.026  0.000  2.000 
 0.026  2.000  0.000 
 0.030  1.000  5.000 
 0.030  5.000  1.000 
 0.032  3.000  6.000 
 0.032  6.000  3.000 
 0.032  7.000  8.000 
 0.032  8.000  7.000 
 0.032  3.000  7.000 
 0.032  7.000  3.000 
 0.034  0.000  4.000 
 0.034  4.000  0.000 
 0.039  0.000  6.000 
 0.039  6.000  0.000 
 0.041  4.000  6.000 
 0.041  6.000  4.000 
 0.041  5.000  7.000 
 0.041  7.000  5.000 
 0.045  0.000  1.000 
 0.045  1.000  0.000 
 0.048  0.000  3.000 
 0.048  3.000  0.000 
 0.051  4.000  7.000 
 0.051  7.000  4.000 
 0.060  1.000  3.000 
 0.060  3.000  1.000 
 0.063  6.000  7.000 
 0.063  7.000  6.000 
 0.069  1.000  4.000 
 0.069  4.000  1.000 
 0.071  1.000  6.000 
 0.071  6.000  1.000 
 0.083  1.000  7.000 
 0.083  7.000  1.000 
 0.086  0.000  7.000 
 0.086  7.000  0.000 
 0.275  3.000  5.000 
 0.275  5.000  3.000 
 0.539  3.000  4.000 
 0.539  4.000  3.000 
 0.606  4.000  5.000 
 0.606  5.000  4.000 
 0.754  8.000  8.000 
 0.992  2.000  2.000 
 1.489  7.000  7.000 
 1.530  0.000  0.000 
 1.697  3.000  3.000 
 1.832  5.000  5.000 
 2.372  1.000  1.000 
 2.411  4.000  4.000 
 2.629  6.000  6.000 



Coursework One Results by ple15

The dependency matrix for the HepatitisC dataset
 1.530  0.045  0.026  0.048  0.034  0.024  0.039  0.086  0.016 
 0.045  2.372  0.009  0.060  0.069  0.030  0.071  0.083  0.003 
 0.026  0.009  0.992  0.012  0.007  0.002  0.007  0.005  0.001 
 0.048  0.060  0.012  1.697  0.539  0.275  0.032  0.032  0.006 
 0.034  0.069  0.007  0.539  2.411  0.606  0.041  0.051  0.008 
 0.024  0.030  0.002  0.275  0.606  1.832  0.025  0.041  0.016 
 0.039  0.071  0.007  0.032  0.041  0.025  2.629  0.063  0.004 
 0.086  0.083  0.005  0.032  0.051  0.041  0.063  1.489  0.032 
 0.016  0.003  0.001  0.006  0.008  0.016  0.004  0.032  0.754 



The dependency list for the HepatitisC dataset
 0.001  2.000  8.000 
 0.001  8.000  2.000 
 0.002  2.000  5.000 
 0.002  5.000  2.000 
 0.003  1.000  8.000 
 0.003  8.000  1.000 
 0.004  6.000  8.000 
 0.004  8.000  6.000 
 0.005  2.000  7.000 
 0.005  7.000  2.000 
 0.006  3.000  8.000 
 0.006  8.000  3.000 
 0.007  2.000  6.000 
 0.007  6.000  2.000 
 0.007  2.000  4.000 
 0.007  4.000  2.000 
 0.008  4.000  8.000 
 0.008  8.000  4.000 
 0.009  1.000  2.000 
 0.009  2.000  1.000 
 0.012  2.000  3.000 
 0.012  3.000  2.000 
 0.016  0.000  8.000 
 0.016  8.000  0.000 
 0.016  5.000  8.000 
 0.016  8.000  5.000 
 0.024  0.000  5.000 
 0.024  5.000  0.000 
 0.025  5.000  6.000 
 0.025  6.000  5.000 
 0.026  0.000  2.000 
 0.026  2.000  0.000 
 0.030  1.000  5.000 
 0.030  5.000  1.000 
 0.032  3.000  6.000 
 0.032  6.000  3.000 
 0.032  7.000  8.000 
 0.032  8.000  7.000 
 0.032  3.000  7.000 
